60 118
73
14 33 0 0
15 25 26 36
16 18 44 0
12 21 8 33
12 18 17 62
34 6 14 25
14 13 7 105
7 25 29 61
9 18 7 54
12 13 20 12
23 6 14 90
12 10 17 80
10 12 22 0
7 16 0 102
9 12 0 72
5 21 0 33
7 14 0 58
10 9 9 96
5 18 44 79
6 15 20 47
6 14 44 44
6 14 41 58
5 16 21 31
5 16 49 20
6 13 43 31
11 7 26 102
8 9 14 0
5 14 32 11
13 5 19 97
3 21 41 0
6 9 0 90
3 18 54 18
6 9 29 109
3 16 14 72
4 12 43 106
7 6 0 84
6 7 42 72
4 10 54 93
3 13 57 62
6 6 32 96
6 6 36 84
3 12 50 36
3 12 21 103
5 7 44 18
7 5 53 36
7 5 29 31
5 6 24 112
5 6 53 103
3 9 38 93
3 9 50 48
5 5 49 109
3 8 37 67
2 12 56 41
2 11 41 31
3 7 55 86
7 3 0 99
3 7 35 109
2 10 58 18
2 9 38 75
2 9 58 42
4 4 48 114
3 5 54 81
4 3 54 115
2 6 54 55
2 6 52 75
2 3 58 75
1 6 54 47
3 2 54 53
2 3 58 51
2 3 58 33
1 4 38 105
1 3 59 30
2 1 58 41
