60 166
73
33 14 0 0
25 15 0 98
16 18 12 37
21 12 0 138
12 18 35 36
34 6 0 70
14 13 0 76
25 7 22 89
9 18 26 96
12 13 6 150
23 6 25 30
10 12 38 69
10 12 18 114
16 7 0 91
12 9 35 0
21 5 14 65
14 7 0 55
10 9 18 157
5 18 52 60
6 15 16 14
14 6 14 76
14 6 11 31
16 5 12 133
16 5 41 25
6 13 0 42
11 7 0 35
8 9 41 9
14 5 35 83
13 5 28 14
21 3 0 126
6 9 31 123
3 18 28 114
6 9 28 50
16 3 0 163
12 4 0 134
6 7 28 82
6 7 49 36
4 10 0 20
13 3 39 110
6 6 42 59
6 6 28 132
12 3 48 5
12 3 48 79
5 7 49 18
5 7 55 8
7 5 37 54
6 5 54 0
6 5 42 96
3 9 49 45
3 9 38 101
5 5 48 31
8 3 28 150
2 12 26 138
11 2 49 43
3 7 57 23
7 3 39 66
3 7 49 8
2 10 55 15
2 9 55 30
2 9 46 101
4 4 34 119
3 5 0 113
4 3 49 57
6 2 8 67
6 2 0 150
2 3 53 55
6 1 48 54
3 2 57 58
3 2 35 164
3 2 52 82
4 1 28 64
3 1 38 88
2 1 58 30
